000000002000
011100301110
010020020010
010111111010
010111111010
010111111010
010111111010
010000000010
011100001110
000000000000

000000000000
000001000000
000010100000
000100010000
000003001000
000003001000
000100010000
000010100000
000001000000
000000000000

111110011111
120010000121
101010110101
101010110101
001010010100
001010010100
101011012101
101011010101
101000010001
111110011111

000000020000
000000000000
000000000000
000000200000
000000000000
000000000000
000000002000
000000000000
000000000000
000000000000

000000000000
011000000110
011000200110
000000002000
000001100020
000001100020
000000002000
011000200110
011000000110
000000000000

000000000000
000000200020
000000000000
001000002100
000000000000
000000000000
001000002100
000000000000
000000000000
000000000000

002000000000
010101101010
000000000000
020000000000
010101101010
010101101010
000000000000
000000000000
010101101010
000000003000

000000011111
000000001111
000000000111
000000000011
000000000020
000000000020
000000000011
000000000111
000000001111
000000011111

000000000000
011111111110
010000000010
010000000010
010003300010
010000000010
010000000010
010000000010
011110011110
000000000000

000000002000
020000000000
000200000000
000001100000
200001100000
000001100000
000201100000
000000000000
000000000000
000000002000

000000002000
000000300000
000000020000
001200000100
000000000000
000000200000
001000000100
000000020000
000000000000
000000000000

000200000000
000000000000
001000000120
000000002000
000000000032
000000000030
000000202000
001000000120
000200000000
000000000000

000000000000
000000000000
000000000000
000021120000
000001100000
000001100000
000201100000
000000000000
000000000000
000000000000

000000000000
000000000000
000000000000
002000000000
000000000000
000000000000
002000000000
000000000000
020000000000
000000003000

000000000000
010010010010
000000000000
010010010010
000000000000
000000000000
010010010010
000000000000
010010010010
000000000000

002000000000
000000000020
000000200000
001100001100
001100001100
001100001100
001100201100
000000000000
000200000000
000000000000










000000000000
000000000000
011111111110
010020020010
010200302010
010000000010
011110011110
000000000000
000000000000
000000000000

000000000002
000000000000
000000000000
000000000000
000000300000
000000000000
000000000000
000000000000
000000000000
000000000000

000000000000
000300003002
010101101010
000000030000
010101101010
000300003000
010101101010
000000000000
000000000000
000000000000

000000000000
002000000020
200020002000
001100001100
001122001100
001100001100
000000000000
000000000000
000000000000
000000000000

000000000000
000000000000
000200000000
000000000020
000000000000
000000300002
000000002000
000000000020
000000000000
000000000000

000000000000
000000000000
000000000000
000000000000
000000000000
000000300000
000000000000
000000000000
000000000000
000000000000

200200000002
000000000020
000000000000
000000000000
000002000002
000000000000
000000000000
000000000000
000000000020
200000000002

000000000000
000000000000
000000002000
000000000000
001020020100
000002300000
001200000100
000000000000
000000000000
000000000000

200000000002
000000000000
000000000000
000000200000
000000000200
000000000000
000000200000
000000000000
000000000000
200000000002

000000000000
000000000000
000200002000
011000000110
000020000000
000001100000
000200002000
011000000110
000000000000
000000000000

000000000000
000000000000
001000000120
000000202000
000000300000
000000202000
001000000100
000000000000
000000000000
000000000000

000000000000
000000002000
000000000000
000002000000
200000300000
000202000000
000000000000
000000002000
000000000000
000000000000

000000000000
000000002000
001000000100
000002000000
000000000000
000202000000
001000000010
000000000200
000000000000
000000000000

000000000000
000000000000
000200000000
010101101010
000020000000
010101101010
000200000000
010101101010
000000000000
000000000000

000000000000
000200000003
000000000020
000001100000
000001102002
000001100000
000000002000
000000000020
000000000000
000000000000

000000000000
020020020020
000000000000
020020020020
000000000000
020020020020
000000000000
020020020020
000000000000
000000000000

000000000000
000200000000
000000000000
000000200000
000000300000
000000200000
000000000000
000200000000
000000000000
000000000000










000000002000
000000000000
020000000000
001102001100
201100001100
001100301100
001102001100
020000000000
000000000000
000000002000

100000000001
000000000020
000000000000
000000000000
000010010000
000010010000
000000002000
000000000000
000000000000
100000000001

000000002000
000000000000
000020000020
000000200000
000002020000
000000000000
000000002000
000000000000
000020000000
000000000000

000200002000
000000000000
020000000020
111111111111
000002000000
000002000000
111111111111
000000000000
000000000000
000000000000

000200000000
011111111110
000000000010
000020000010
000000030010
000000000010
000200000010
000000000010
011111111110
000000000000

100000000001
000000020000
000000000000
000000000000
000000320000
000000000000
000000000000
000000000000
000000000000
100000000001

000000000000
000200000000
002220000000
000200000000
000000000000
000000030000
000000000000
000000000000
000000000000
000000000000

000000000000
011111111110
010010010010
010100001010
011003300110
010000000010
010000000010
010000000010
011110011110
000000000000

000000002000
000000000000
000002000000
001100001100
001100001100
001102001100
021100001100
000000000000
000000002000
000000000000

100000000001
020000000000
000200000000
200000000000
000000010000
000000000000
000000000000
020000000000
000000000000
100000000001

000000002000
000000000000
000000000000
000000020000
000000300000
000000000000
000000002000
000000000000
000000000000
000000000000

000000000000
011000000110
011000000110
000200000000
000001100000
000001100000
000000000000
011000000110
011200002110
000000000000

300200000000
000000000000
000000002200
000001102000
000001100000
000001100002
000001100000
000000002020
000000000000
000200000000

001120002000
011000000001
000000000011
000011000110
000110021100
001102311000
011200110000
110000000000
100000000110
000000001100

000000000000
021000000100
000200000000
000000000000
200000300000
000000000000
000000000000
000200000000
021000000100
000000002000

000000000000
010010010010
000000000000
010010010010
000000000000
000000000000
010010010010
000000000000
010010010010
000000000000










111110011111
100211110221
101110011101
101110011101
001000300100
001000200120
101110011101
101110011101
100011110001
111110011111

100000000001
000000000000
000000000000
001000000100
011000000110
011000000110
001000000100
000000000000
000000000000
100000000001

000000000000
011111111110
010010010010
010100001010
011000000110
010003300010
010000000010
010000000010
011110011110
000000000000

000000000000
000000000000
000000000000
000003020000
010000222010
010000020010
000000000000
000110011000
000000000000
100000000001

000000000000
000000000000
000003300000
000033330000
000333333000
000333333000
000033330000
000003300000
000000000000
000000000000

000000000000
000000000000
000200000000
000000000000
000010010000
000010010000
020020000000
000000000020
000000000000
000200000000

111112211111
111102201111
111002200111
110000000011
000000000000
000000000000
001000000100
001000000100
000000000000
000000000003

020000000200
011100201110
010020000010
010111111010
010111111010
010111111010
010111111010
010000200010
011100001110
000000000000

000000000000
011111111110
011111111110
011111111110
011000000110
011000000110
011000000110
011110011110
011110011110
011110011113

200002000002
000000000000
000000000000
111111111111
002000000000
000002000000
000000000000
000000000000
000000000000
000000000000

111110011111
100010000121
101010110101
101010112101
001010010100
001010010100
101011212101
101011010101
101000010021
111110011111

000200000003
000000000020
000000000000
000000200000
000010010000
000010010002
000000000000
000000000000
000200000000
000000000020

000020000000
011100021110
010002300010
010111111010
010111111010
010111111010
010111111010
010020000010
011100021110
000000000000

000100000000
001000000001
012000020010
000001000100
000010001000
000120010000
001002100000
010000000010
100200000100
000000001000

000000002000
021000000120
001000000100
000020020000
000000230000
000000230000
000200002000
001000000100
001000000100
000000000000

000000000000
000020000000
001000000100
001000000100
000200200000
000000000000
001000000100
001000000100
000000000000
000000000000

010100000200
010111011100
010001300100
010101000111
010101000100
010101000100
011101200100
000001010101
001000012001
001000210021

000000002000
000000000000
000000000000
000202000000
200000010000
000000010000
000202000000
020000000000
000000000000
000000000200

000000000000
010010010010
000000000000
010010010010
000000000000
000000000000
010010010010
000000000000
010010010010
000000000000










000000000000
000000000000
000000000000
000000300000
000003330000
000033333000
000003330000
000000300000
000000000000
000000000000

000000000000
000000000000
000000000000
000000002000
000000000000
000020020000
000012310000
000200002000
000000000000
000000000000

000000000000
000000000000
020000000020
000000000200
000000202000
000000300000
000000202000
000000000000
020000000020
000000000000

000000000000
000000000000
000000000000
000000000000
000000000000
000000003000
000000000000
000000000000
000000000000
000000000000


000000000000
000000000000
000000000000
002002000000
000000000000
000000000000
000020020000
000020000000
000000000000
000000000000

000000000000
000000000000
200000000030
011111111110
200002000010
000000000010
000000000010
211111111110
000000000000
000000000000

000000000000
000000000000
111110011111
120011110021
101112011101
021020202100
101110011101
102011110201
111110011111
000000000000

000000000000
000000000000
000200000000
011000000110
000000200000
000001100002
000000202000
011000000110
000200000000
000000000000

000000000000
000000000000
002000002000
000000100000
000001210000
000010001000
000001212000
002000100000
000000000000
000000000000

000000000000
000000000000
000200000002
000000000000
000000300000
000000000002
002000000000
000002020000
000000000000
000000000000

200000000002
000000000000
000200000000
000000000000
000000000000
000000000000
000000000000
000000000000
000000000000
200000000002

000000000000
000000000000
000000000000
000000100220
000001010000
000010001020
002001310002
000200100000
000000000000
000000000000

000000000000
000000000000
000000011111
000000000111
000000000011
000000300200
000000000011
000000000111
000000011111
000000000000

000000000000
000000000000
000000000000
011111111110
010020020010
010200302010
010000000010
011110011110
000000000000
000000000000

000000000000
000000000000
000000002003
010101101010
002020000000
210101101010
000200000000
010101101010
000000020000
000000000000

200000000002
000000000000
000000000000
000000000000
000000000000
000000000000
000000000000
000000002000
000000000000
200000000002

000000000000
000000000000
000000000000
000000000000
000000000000
000000030000
000000000000
000000000000
000000000000
000000000000

000000000000
000000000000
000200000200
002000000020
111111111111
000000200000
000200320000
000000000000
000000000000
000000000000

000000000000
000000000000
000000000000
000000000000
000002000000
000000320000
000200000000
000000000000
000000000000
000000000000

000000000000
000000000000
000000000000
000000000020
001000202100
000000000000
001000202100
000000000020
000000000000
000000000000

000000000000
000000000000
020000000000
111111111111
002000000020
000202000200
000000000000
111111111111
000002000000
000000000000

000000000000
000000000000
200000002002
000000000000
000000000000
200000300000
000002000000
000000000000
200000002002
000000000000

000000000000
000000000000
000000002000
000000200000
000000000000
000002232000
000000000000
000020000200
000000000000
000000000000

000000000000
000000000000
000200000000
001111111100
021000000120
001000002100
001000020100
001111111100
000200002200
000000000000

000000000000
000000000000
000200000000
000000000000
000001102000
000001100002
000001102000
000000000020
000200000000
000000000000

200000000002
000000000000
000000000000
000000000000
000000000000
000000000000
000000203000
000000000000
000000000000
200000000002

000000001000
000000001000
002000001000
000200201000
000000001022
000000001000
000002001020
000200001000
000000001000
000000001000

000000000000
000000000000
000002000000
000000000000
000020320000
000000022000
000200000000
020000000000
000000000000
000000000000

000000000000
000000000000
000000000000
010010010010
000000000000
010010010010
000000000000
010010010010
000000000000
000000000000

000000000000
000000000000
000000000000
000000000000
001100001100
001100301100
001100001100
000000000000
000000000000
000000000000
